15
     0   112   115    94    86   118     0    85     0   112   119   100   116   113    80
   112     0   112   110   107   100   112   107    83   116    80   105    94   103   117
   115   112     0     0     0    97   116    93     0    87   114    87     0    80   110
    94   110     0     0   104    87   107   109    80     0   107     0    90   118   102
    86   107     0   104     0    93   109    91     0    81     0    90     0     0    82
   118   100    97    87    93     0   108    93   120   110   120     0    95    92     0
     0   112   116   107   109   108     0     0   119   112    89    91    80    84     0
    85   107    93   109    91    93     0     0   100     0    81   115     0    83     0
     0    83     0    80     0   120   119   100     0    90   103   114     0     0     0
   112   116    87     0    81   110   112     0    90     0    90     0     0    90     0
   119    80   114   107     0   120    89    81   103    90     0    86    89   112    99
   100   105    87     0    90     0    91   115   114     0    86     0     0     0     0
   116    94     0    90     0    95    80     0     0     0    89     0     0     0   118
   113   103    80   118     0    92    84    83     0    90   112     0     0     0     0
    80   117   110   102    82     0     0     0     0     0    99     0   118     0     0
